1 1 10 0
1 1 11 0
1 1 12 0
1 1 13 0
1 1 14 0
1 1 15 0
1 1 16 0
1 1 17 0
1 1 18 0
1 2 10 0
1 2 11 0
1 2 12 0
1 2 13 0
1 2 14 0
1 2 15 0
1 2 16 0
1 2 17 0
1 2 18 1
1 3 10 0
1 3 11 0
1 3 12 0
1 3 13 0
1 3 14 0
1 3 15 0
1 3 16 0
1 3 17 0
1 3 18 0
1 4 10 0
1 4 11 0
1 4 12 0
1 4 13 0
1 4 14 0
1 4 15 0
1 4 16 0
1 4 17 0
1 4 18 2
1 5 10 0
1 5 11 0
1 5 12 0
1 5 13 0
1 5 14 0
1 5 15 0
1 5 16 0
1 5 17 0
1 5 18 0
2 1 10 0
2 1 11 0
2 1 12 0
2 1 13 0
2 1 14 0
2 1 15 0
2 1 16 1
2 1 17 0
2 1 18 0
2 2 10 0
2 2 11 0
2 2 12 0
2 2 13 0
2 2 14 0
2 2 15 0
2 2 16 0
2 2 17 0
2 2 18 1
2 3 10 0
2 3 11 0
2 3 12 0
2 3 13 0
2 3 14 0
2 3 15 0
2 3 16 1
2 3 17 0
2 3 18 0
2 4 10 0
2 4 11 0
2 4 12 0
2 4 13 0
2 4 14 0
2 4 15 0
2 4 16 0
2 4 17 0
2 4 18 0
2 5 10 0
2 5 11 0
2 5 12 0
2 5 13 0
2 5 14 0
2 5 15 0
2 5 16 0
2 5 17 0
2 5 18 0
3 1 10 0
3 1 11 0
3 1 12 0
3 1 13 0
3 1 14 0
3 1 15 0
3 1 16 0
3 1 17 0
3 1 18 0
3 2 10 0
3 2 11 0
3 2 12 0
3 2 13 0
3 2 14 0
3 2 15 0
3 2 16 0
3 2 17 0
3 2 18 1
3 3 10 0
3 3 11 0
3 3 12 0
3 3 13 0
3 3 14 0
3 3 15 0
3 3 16 0
3 3 17 0
3 3 18 1
3 4 10 0
3 4 11 0
3 4 12 0
3 4 13 0
3 4 14 0
3 4 15 0
3 4 16 3
3 4 17 0
3 4 18 0
3 5 10 0
3 5 11 0
3 5 12 0
3 5 13 0
3 5 14 0
3 5 15 0
3 5 16 0
3 5 17 0
3 5 18 0
4 1 10 0
4 1 11 0
4 1 12 0
4 1 13 0
4 1 14 0
4 1 15 0
4 1 16 1
4 1 17 0
4 1 18 0
4 2 10 0
4 2 11 0
4 2 12 0
4 2 13 0
4 2 14 0
4 2 15 0
4 2 16 2
4 2 17 0
4 2 18 0
4 3 10 0
4 3 11 0
4 3 12 0
4 3 13 0
4 3 14 0
4 3 15 0
4 3 16 2
4 3 17 0
4 3 18 0
4 4 10 0
4 4 11 0
4 4 12 0
4 4 13 0
4 4 14 0
4 4 15 0
4 4 16 0
4 4 17 0
4 4 18 0
4 5 10 0
4 5 11 0
4 5 12 0
4 5 13 0
4 5 14 0
4 5 15 0
4 5 16 0
4 5 17 0
4 5 18 0
5 1 10 0
5 1 11 0
5 1 12 0
5 1 13 0
5 1 14 0
5 1 15 0
5 1 16 0
5 1 17 0
5 1 18 0
5 2 10 0
5 2 11 0
5 2 12 0
5 2 13 0
5 2 14 0
5 2 15 0
5 2 16 0
5 2 17 0
5 2 18 0
5 3 10 0
5 3 11 0
5 3 12 0
5 3 13 0
5 3 14 0
5 3 15 0
5 3 16 1
5 3 17 0
5 3 18 0
5 4 10 0
5 4 11 0
5 4 12 0
5 4 13 0
5 4 14 0
5 4 15 0
5 4 16 0
5 4 17 0
5 4 18 0
5 5 10 0
5 5 11 0
5 5 12 0
5 5 13 0
5 5 14 0
5 5 15 0
5 5 16 0
5 5 17 0
5 5 18 0
